[
    {
        "filename":"P:/BKM3/dcc/asset/prop/backkomRoverEx/rig/preview/maya2020/file/backkomRoverEx.mb",
        "matrix":[
            0.9172200686273628,
            0.0,
            -0.39838090529945774,
            0.0,
            0.0,
            1.0,
            0.0,
            0.0,
            0.39838090529945774,
            0.0,
            0.9172200686273628,
            0.0,
            156.222,
            -0.208,
            253.765,
            1.0
        ],
        "namespace":"backkomRoverEx__ns__02",
        "project_id":44,
        "short_name":"backkomRoverEx.mb",
        "task_id":40005,
        "without_name":"backkomRoverEx.mb"
    },
    {
        "filename":"P:/BKM3/dcc/asset/env/baseGarage_caskA/rig/preview/maya2020/file/baseGarage_caskA.mb",
        "matrix":[
            0.9524847431940754,
            0.0,
            0.30458629972885565,
            0.0,
            -0.0,
            1.0,
            0.0,
            0.0,
            -0.30458629972885565,
            -0.0,
            0.9524847431940754,
            0.0,
            183.785134741027,
            0.07723811358663424,
            -50.33732702181736,
            1.0
        ],
        "namespace":"baseGarage_caskA__ns__02",
        "project_id":44,
        "short_name":"baseGarage_caskA.mb",
        "task_id":40005,
        "without_name":"baseGarage_caskA.mb"
    },
    {
        "filename":"P:/BKM3/dcc/asset/env/baseGarage_caskA/rig/preview/maya2020/file/baseGarage_caskA.mb",
        "matrix":[
            0.9541131828129186,
            0.0,
            0.29944621283730066,
            0.0,
            -0.0,
            1.0,
            0.0,
            0.0,
            -0.29944621283730066,
            -0.0,
            0.9541131828129186,
            0.0,
            183.35324236240407,
            0.0,
            -59.587581159152215,
            1.0
        ],
        "namespace":"baseGarage_caskA__ns__03",
        "project_id":44,
        "short_name":"baseGarage_caskA.mb",
        "task_id":40005,
        "without_name":"baseGarage_caskA.mb"
    },
    {
        "filename":"P:/BKM3/dcc/asset/env/baseGarage_s019_cask/rig/preview/maya2020/file/baseGarage_s019_cask.mb",
        "matrix":[
            0.7068769664303294,
            0.0,
            -0.7073365212755913,
            0.0,
            0.0,
            1.0,
            0.0,
            0.0,
            0.7073365212755913,
            0.0,
            0.7068769664303294,
            0.0,
            193.22541341431307,
            -0.05352211569539511,
            -43.571368238730464,
            1.0
        ],
        "namespace":"baseGarage_s019_cask__ns__02",
        "project_id":44,
        "short_name":"baseGarage_s019_cask.mb",
        "task_id":40005,
        "without_name":"baseGarage_s019_cask.mb"
    },
    {
        "filename":"P:/BKM3/dcc/asset/env/baseGarage_s019_cask/rig/preview/maya2020/file/baseGarage_s019_cask.mb",
        "matrix":[
            -0.2975017532158426,
            0.15971440091633937,
            0.9412672399342468,
            0.0,
            -0.9539721389655234,
            -0.010680969540978413,
            -0.29970497988390016,
            0.0,
            -0.03781355459414231,
            -0.9871054791812266,
            0.1555406958302434,
            0.0,
            188.12094486627697,
            4.053896720632255,
            -39.69398091557208,
            1.0
        ],
        "namespace":"baseGarage_s019_cask__ns__03",
        "project_id":44,
        "short_name":"baseGarage_s019_cask.mb",
        "task_id":40005,
        "without_name":"baseGarage_s019_cask.mb"
    },
    {
        "filename":"P:/BKM3/dcc/asset/prop/baseRoverEx/rig/preview/maya2020/file/baseRoverEx.mb",
        "matrix":[
            0.5554396192247811,
            0.0,
            0.831556870812472,
            0.0,
            0.0,
            1.0,
            0.0,
            0.0,
            -0.831556870812472,
            0.0,
            0.5554396192247811,
            0.0,
            176.525,
            0.0,
            544.689,
            1.0
        ],
        "namespace":"baseRoverEx__ns__00",
        "project_id":44,
        "short_name":"baseRoverEx.mb",
        "task_id":40005,
        "without_name":"baseRoverEx.mb"
    },
    {
        "filename":"P:/BKM3/dcc/asset/prop/baseRoverEx/rig/preview/maya2020/file/baseRoverEx.mb",
        "matrix":[
            0.98188272580493,
            0.0,
            0.1894896112347076,
            0.0,
            -0.0,
            1.0,
            0.0,
            0.0,
            -0.1894896112347076,
            -0.0,
            0.98188272580493,
            0.0,
            -164.507,
            0.0,
            39.766,
            1.0
        ],
        "namespace":"baseRoverEx__ns__03",
        "project_id":44,
        "short_name":"baseRoverEx.mb",
        "task_id":40005,
        "without_name":"baseRoverEx.mb"
    },
    {
        "filename":"P:/BKM3/dcc/asset/prop/baseRoverEx/rig/preview/maya2020/file/baseRoverEx.mb",
        "matrix":[
            0.5141701084550293,
            0.0,
            0.8576882298197541,
            0.0,
            -0.0,
            1.0,
            0.0,
            0.0,
            -0.8576882298197541,
            -0.0,
            0.5141701084550293,
            0.0,
            141.61996375048108,
            0.0,
            118.7253404581766,
            1.0
        ],
        "namespace":"baseRoverEx__ns__04",
        "project_id":44,
        "short_name":"baseRoverEx.mb",
        "task_id":40005,
        "without_name":"baseRoverEx.mb"
    },
    {
        "filename":"P:/BKM3/dcc/asset/prop/baseRoverEx/rig/preview/maya2020/file/baseRoverEx.mb",
        "matrix":[
            0.21601360385313798,
            0.0,
            -0.9763903537778211,
            0.0,
            0.0,
            1.0,
            0.0,
            0.0,
            0.9763903537778211,
            0.0,
            0.21601360385313798,
            0.0,
            -78.03856289713816,
            0.0,
            338.258163887723,
            1.0
        ],
        "namespace":"baseRoverEx__ns__05",
        "project_id":44,
        "short_name":"baseRoverEx.mb",
        "task_id":40005,
        "without_name":"baseRoverEx.mb"
    },
    {
        "filename":"P:/BKM3/dcc/asset/prop/baseRoverEx/rig/preview/maya2020/file/baseRoverEx.mb",
        "matrix":[
            -0.3598485639703364,
            -0.19874542445064702,
            0.9115970970052608,
            0.0,
            0.020420622027675327,
            -0.9784925416557891,
            -0.2052689555680456,
            0.0,
            0.9327872261156289,
            -0.055250359129381456,
            0.35616764116295657,
            0.0,
            -107.8450044022628,
            40.41991454149982,
            459.70167735510836,
            1.0
        ],
        "namespace":"baseRoverEx__ns__06",
        "project_id":44,
        "short_name":"baseRoverEx.mb",
        "task_id":40005,
        "without_name":"baseRoverEx.mb"
    },
    {
        "filename":"P:/BKM3/dcc/asset/prop/baseRoverEx/rig/preview/maya2020/file/baseRoverEx.mb",
        "matrix":[
            1.0,
            0.0,
            0.0,
            0.0,
            0.0,
            1.0,
            0.0,
            0.0,
            0.0,
            0.0,
            1.0,
            0.0,
            -321.782,
            0.0,
            -366.418,
            1.0
        ],
        "namespace":"baseRoverEx__ns__07",
        "project_id":44,
        "short_name":"baseRoverEx.mb",
        "task_id":40005,
        "without_name":"baseRoverEx.mb"
    }
]